((("import" .
   [0 0 1 0 0 1])
  ("counter_rx_o" .
   [1 0 0 0 0 0 0 0 0 0 0 0])
  ("counter_rx" .
   [0 0 0 0 0 0 1 0 1 3])
  ("counter_rx_r" .
   [0 0 0 0 0 0 0 0 0 0 1 1])
  ("digitu7" .
   [1 0 0 0 0 0 0])
  ("sdata_" .
   [0 0 0 0 0 1])
  ("digitu6" .
   [1 0 0 0 0 0 0])
  ("lsi_config_load" .
   [1 0 0 0 0 0 0 0 0 0 0 0 0 0 0])
  ("lsi_config_done" .
   [0 0 0 0 0 0 0 0 0 0 0 1 0 0 0])
  ("kr2_sel_i" .
   [1 0 0 0 0 0 0 0 0])
  ("a" .
   [1])
  ("kr2_en_i" .
   [1 0 0 0 0 0 0 0])
  ("kr1_en_i" .
   [1 0 0 0 0 0 0 0])
  ("kr2_en" .
   [1 0 0 0 0 0])
  ("kr1_en" .
   [1 0 0 0 0 0])
  ("kr2_sdata_" .
   [0 0 0 0 0 0 0 0 0 1])
  ("sdata_o" .
   [1 0 0 0 0 0 0])
  ("sclk_o" .
   [1 0 0 0 2 0])
  ("enable_o" .
   [2 0 0 0 0 0 0 0])
  ("var_sdata_i" .
   [1 0 0 0 0 0 0 0 0 0 0])
  ("var_sdata_o" .
   [1 0 0 0 0 0 0 0 0 0 0])
  ("reconftemp" .
   [1 0 0 0 0 0 0 0 0 0])
  ("Oscillator" .
   [0 0 0 0 0 0 0 1 0 0])
  ("Ring" .
   [1 0 0 0])
  ("Reconfigurable" .
   [0 0 0 0 0 0 0 1 0 0 0 0 0 0])
  ("The" .
   [2 0 0])
  ("Voltage" .
   [3 0 0 0 0 0 0])
  ("Temperature" .
   [3 0 0 0 0 0 0 0 0 0 0])
  ("LSI_DQ" .
   [2 0 0 0 0 1])
  ("subfre" .
   [2 0 0 0 0 0])
  ("_4mem" .
   [1 0 0 0 0])
  ("_voltage" .
   [1 0 0 0 0 0 0 0])
  ("_io" .
   [1 0 0])
  ("nm" .
   [4 0])
  ("not_varid_comp.txt" .
   [0 0 0 1 0 0 0 0 0 0 0 1 0 0 0 0 0 0])
  ("MEAS" .
   [6 0 0 0])
  ("REF" .
   [6 0 0])
  ("touch" .
   [1 0 0 0 0])
  ("-sq" .
   [2 0 0])
  ("script/compcalibre.m" .
   [0 0 0 0 0 0 0 1 0 0 0 0 0 0 0 0 0 0 0 0])
  ("psense" .
   [1 0 0 0 0 0])
  ("nsense" .
   [1 0 0 0 0 0])
  ("config2" .
   [10 0 0 0 0 0 0])
  ("config1" .
   [11 0 0 0 0 0 0])
  ("pleakw4" .
   [1 0 0 0 0 0 0])
  ("nleakw4" .
   [1 0 0 0 0 0 0])
  ("pleakw" .
   [1 0 0 0 0 0])
  ("nleakw" .
   [1 0 0 0 0 0])
  ("pleaks" .
   [1 0 0 0 0 0])
  ("nleaks" .
   [1 0 0 0 0 0])
  ("config" .
   [1 0 0 0 0 0])
  ("/" .
   [3])
  ("CP2" .
   [1 0 0])
  ("CP1" .
   [1 0 0])
  ("-i" .
   [1 0])
  ("calibration" .
   [1 0 0 0 0 0 0 1 0 0 0])
  ("Kishimoto" .
   [1 0 0 0 0 0 0 0 0])
  ("Tadashi" .
   [1 0 0 0 0 0 0])
  ("range" .
   [1 0 0 0 0])
  ("can" .
   [2 0 0])
  ("Also" .
   [1 0 0 0])
  ("voltage" .
   [5 0 0 0 0 0 0])
  ("at" .
   [1 0])
  ("consumption" .
   [2 0 0 0 0 0 0 0 0 0 0])
  ("power" .
   [2 0 0 0 0])
  ("small" .
   [3 0 0 0 0])
  ("show" .
   [2 0 0 0])
  ("has" .
   [2 0 0])
  ("this" .
   [6 0 0 0])
  ("This" .
   [1 0 0 0])
  ("oscillator" .
   [1 0 0 0 0 0 0 0 0 0])
  ("ring" .
   [1 0 0 0])
  ("convertible" .
   [2 0 0 0 0 0 0 0 0 0 0])
  ("topology" .
   [2 0 0 0 0 0 0 0])
  ("circuit" .
   [7 0 0 0 0 0 0])
  ("using" .
   [3 0 0 0 0])
  ("temperature" .
   [4 0 0 0 0 0 0 0 0 0 2])
  ("monitor" .
   [1 0 0 0 0 0 0])
  ("topolog" .
   [0 0 0 0 0 0 1])
  ("estimation" .
   [2 0 0 0 0 0 0 0 0 0])
  ("filename" .
   [1 0 0 0 0 0 1 0])
  ("opts" .
   [5 0 0 0])
  ("basename" .
   [0 0 0 0 1 0 0 0])
  ("autodie" .
   [1 0 0 0 0 0 0])
  ("Getopt::Long" .
   [0 0 0 1 0 0 0 0 0 0 0 0])
  ("scale=0" .
   [1 0 0 0 0 0 0])
  ("logfre" .
   [2 0 0 0 0 0])
  ("section" .
   [3 0 0 1 0 0 0])
  ("today" .
   [3 0 0 0 0])
  ("rhead" .
   [2 0 0 0 0])
  ("str" .
   [2 0 0])
  ("make" .
   [4 0 0 0])
  ("cadence" .
   [3 0 0 0 0 0 0])
  ("cd" .
   [1 0])
  ("begin" .
   [3 0 0 0 0])
  ("Milkyway" .
   [0 0 0 1 0 0 0 0])
  ("ICcompilerで使用" .
   [0 0 1 0 0 0 0 0 0 0 0 0 0])
  ("M2" .
   [1 0])
  ("processsense" .
   [1 0 0 0 0 0 0 1 0 0 0 1])
  ("cite" .
   [2 0 0 0])
  ("std" .
   [4 0 0])
  ("fig" .
   [9 0 0])
  ("subref" .
   [5 0 0 0 0 0])
  ("reconf" .
   [1 0 0 0 0 0])
  ("jsarticle" .
   [1 0 0 0 0 0 0 0 0])
  ("a4j" .
   [1 0 0])
  ("kbd" .
   [1 0 0])
  ("global-set-key" .
   [0 0 0 0 0 0 1 0 0 0 0 0 0 0])
  ("/cad/synopsys/hspice_vL-2016.06-SP1-1/" .
   [0 0 0 0 0 0 0 0 0 0 0 0 0 0 0 0 0 0 0 0 0 0 0 0 0 0 0 0 1 0 0 0 0 0 0 0 0 0])
  ("hspace" .
   [7 0 0 0 0 0])
  ("r" .
   [1])
  ("require" .
   [2 0 0 0 2 0 0])
  ("/bin/bison" .
   [0 0 0 0 0 0 0 1 0 0])
  ("/bin/" .
   [0 1 1 0 0])
  ("fancy" .
   [1 0 0 0 0])
  ("add-to-list" .
   [0 0 0 0 0 0 1 0 0 0 0])
  (":modes" .
   [0 0 0 0 0 1])
  ("add-hook" .
   [1 0 0 0 0 0 0 0])
  ("alpha" .
   [2 0 0 0 0])
  ("vth" .
   [3 0 0])
  ("maxcurrent" .
   [1 0 0 0 0 0 0 0 0 0])
  ("vdd" .
   [7 0 0])
  ("finish" .
   [0 0 1 0 0 0])
  ("next" .
   [3 0 0 0])
  ("and" .
   [2 0 0])
  ("start" .
   [1 0 0 0 1])
  ("wait_all_children" .
   [0 0 0 0 0 1 0 0 0 0 0 0 0 0 0 0 0])
  ("pm" .
   [5 0])
  ("total" .
   [2 0 0 0 0])
  ("WELL" .
   [2 0 0 0])
  ("VPNAME" .
   [1 0 0 0 0 0])
  ("sprintf" .
   [1 0 0 0 0 0 0])
  ("OUT" .
   [4 0 0])
  ("perl" .
   [3 0 0 0])
  ("fh" .
   [4 0])
  ("m" .
   [2])
  ("my" .
   [14 0])
  ("HOME/.usr/bin/gdb" .
   [0 0 0 0 0 0 0 0 0 0 0 0 0 1 0 0 0])
  ("VPW" .
   [11 0 0])
  ("HOME/.usr/lib:" .
   [1 0 0 0 0 0 0 0 0 0 0 0 0 0])
  ("wait_count_stable_oscillate" .
   [0 0 0 0 0 0 0 0 1 0 0 0 0 0 0 0 0 0 0 0 0 0 0 0 0 0 0])
  ("d10" .
   [1 0 0])
  ("Wait" .
   [1 0 0 1])
  ("wait_stable_osc" .
   [0 0 0 0 0 0 0 0 0 0 0 0 0 0 5])
  ("RESETn" .
   [2 0 0 0 0 1])
  ("MON_I" .
   [1 0 0 0 0])
  ("DONE" .
   [1 0 0 0])
  ("STATE_MEASURE" .
   [3 0 0 0 0 0 0 0 0 0 0 0 0])
  ("b1" .
   [1 0])
  ("STATE_WAIT_MEAS_PREPARE" .
   [0 0 0 0 0 0 0 0 0 0 0 0 0 0 0 0 0 1 0 1 0 1 0])
  ("meas_prepare_r" .
   [0 0 0 0 0 0 0 0 2 0 0 0 0 0])
  ("clk2_count_prepare_r" .
   [1 0 0 0 0 0 0 0 0 0 0 0 0 0 0 0 0 0 0 0])
  ("clk2_count_prepare" .
   [2 0 0 0 0 0 0 0 0 0 0 0 0 0 0 0 0 0])
  ("prepare" .
   [0 0 0 0 0 0 2])
  ("INIT" .
   [1 0 0 0])
  ("prepare_r" .
   [3 0 0 0 0 0 0 0 0])
  ("prepare_o" .
   [7 0 0 0 0 0 0 0 0])
  ("nRST" .
   [2 0 0 0])
  ("negedge" .
   [0 0 0 0 1 0 1])
  ("clk" .
   [2 0 0])
  ("USB_D" .
   [1 0 0 0 0])
  ("result/" .
   [1 0 0 0 0 0 0])
  ("corner" .
   [20 0 0 0 0 0])
  ("sum" .
   [3 0 0])
  ("last" .
   [1 0 0 0])
  ("else" .
   [2 0 0 0])
  ("elsif" .
   [1 0 0 0 0])
  ("HOME/.usr/include:/usr/local/include:" .
   [0 0 0 0 0 0 0 0 0 0 0 0 0 0 0 0 0 0 1 0 0 0 0 0 0 0 0 0 0 0 0 0 0 0 0 0 0])
  ("./sim_lib" .
   [0 0 0 1 0 0 0 0 0])
  ("./pll1_sim.v" .
   [0 0 0 0 0 1 0 0 0 0 0 0])
  ("select_width" .
   [1 0 0 0 2 0 1 0 0 0 0 4])
  ("SEL_TEG_O" .
   [2 0 0 0 0 0 0 0 0])
  ("collabo4:" .
   [2 0 0 0 0 0 0 0 0])
  ("collabo4" .
   [1 0 0 0 0 0 0 0])
  ("/cad/synopsys/hspice_vH-2013.03/hspice/bin" .
   [0 0 0 0 0 0 0 0 0 0 0 0 0 0 0 0 0 0 0 0 0 0 0 1 0 0 0 0 0 0 0 0 0 0 0 0 0 0 0 0 0 0])
  ("/cad/synopsys/hspice_vL-2016.06-SP1-1/hspice/bin/cshrc.meta" .
   [0 0 0 0 0 0 0 0 0 0 0 0 0 0 0 0 0 0 0 0 0 0 0 1 0 0 0 0 0 0 0 1 0 0 0 0 0 0 0 0 0 0 0 0 0 0 0 0 0 0 0 0 0 0 0 0 0 0 0])
  ("ncverilog" .
   [1 0 0 0 0 0 0 0 0])
  ("./eva4_top_tb.out" .
   [0 0 1 0 0 0 0 0 0 0 0 0 0 0 0 0 0])
  ("eva4_top_tb.v" .
   [1 0 0 0 0 0 0 0 0 0 0 0 0])
  ("setq" .
   [2 0 0 0])
  ("use" .
   [8 0 0])
  ("open" .
   [10 0 0 0])
  ("out" .
   [4 0 0])
  ("count" .
   [12 0 0 0 0])
  ("num" .
   [1 0 0])
  ("ARGV" .
   [2 0 0 0])
  ("name" .
   [2 0 0 0])
  ("print" .
   [29 0 0 0 0])
  ("volt" .
   [7 0 0 1])
  ("temp" .
   [5 0 0 0])
  ("while" .
   [3 0 0 0 0])
  ("list" .
   [9 0 0 0])
  ("data" .
   [18 0 0 0])
  ("close" .
   [8 0 0 0 0])
  ("measlist" .
   [1 0 0 0 0 0 0 0])
  ("catout" .
   [3 0 0 0 0 0])
  ("array" .
   [23 0 0 0 0])
  ("FLAG_A" .
   [5 0 0 0 0 0])
  ("FLAG_DATE" .
   [6 0 0 0 2 0 0 0 0])
  ("usage_exit" .
   [1 0 0 0 0 0 0 1 0 0])
  ("template" .
   [0 0 0 0 0 0 0 1])
  ("meeting" .
   [1 0 0 0 0 0 0])
  ("cut" .
   [2 0 0])
  ("MONTH" .
   [1 0 0 0 0])
  ("DAY" .
   [1 0 0])
  (".tex" .
   [1 0 0 0])
  ("DATE" .
   [1 0 0 0])
  ("NOFLAG" .
   [1 0 1 0 0 0])
  ("Usage" .
   [0 0 0 0 1])
  ("STATE_WAIT_PREV_FINISH" .
   [0 0 0 0 0 0 0 0 0 0 0 0 0 0 2 0 0 0 0 0 0 0])
  ("enable_syn_o" .
   [6 0 0 0 0 0 0 0 0 0 0 0])
  ("enable_syn" .
   [4 0 0 0 0 0 0 0 0 0])
  ("enable_syn_r" .
   [3 0 0 0 0 0 0 0 0 0 0 0])
  ("enable" .
   [1 0 0 0 0 0])
  ("b0" .
   [6 0])
  ("state_r" .
   [9 0 0 0 0 0 0])
  ("STATE_WAIT_SERIAL_IF" .
   [0 0 0 0 0 0 0 0 0 0 0 0 0 0 0 0 0 0 0 1])
  ("S" .
   [1])
  ("d24" .
   [1 0 0])
  ("VBB" .
   [1 0 0])
  ("-z" .
   [8 0])
  ("FLAG_LOGIC" .
   [1 0 0 0 0 0 0 0 0 0])
  ("INV" .
   [2 0 0])
  ("-e" .
   [5 0])
  ("D50" .
   [5 0 0])
  ("Ps50" .
   [5 0 0 0])
  ("Ed50" .
   [1 0 0 0])
  ("AACT" .
   [1 0 0 0])
  ("VDD" .
   [10 0 0])
  ("pleak" .
   [2 0 0 0 0])
  ("nleak" .
   [2 0 0 0 0])
  ("Pps50" .
   [1 0 0 0 0])
  ("Pns50" .
   [1 0 0 0 0])
  ("FLAG_ACT" .
   [3 0 0 0 0 0 0 0])
  ("grep" .
   [9 0 0 0])
  ("setenv" .
   [1 0 0 0 0 0])
  ("LM_LICENSE_FILE" .
   [1 0 0 0 0 0 0 0 0 0 0 0 0 0 0])
  ("goal_list" .
   [1 0 0 0 0 0 0 0 0])
  ("Ilp" .
   [2 0 0])
  ("Iln" .
   [2 0 0])
  ("txt" .
   [1 0 0])
  ("system" .
   [9 0 0 0 0 0])
  ("sys" .
   [1 0 0])
  ("COUNT" .
   [8 0 0 0 0])
  ("-ge" .
   [5 0 0])
  ("c" .
   [2])
  ("C" .
   [1])
  ("_VPW-0p" .
   [2 0 0 0 0 0 0])
  ("_VPW0p" .
   [1 0 0 0 0 0])
  ("*VPW*" .
   [1 0 0 0 0])
  ("/dev/null" .
   [1 0 0 1 0 0 0 0 0])
  ("path" .
   [1 0 1 0])
  ("for" .
   [1 0 0])
  ("slope" .
   [1 0 0 0 0])
  ("intercept" .
   [0 0 0 0 0 1 0 0 0])
  ("current" .
   [2 0 0 0 0 0 0])
  ("s" .
   [1])
  ("line" .
   [4 0 0 0])
  ("split" .
   [1 0 0 0 0])
  ("chomp" .
   [1 0 0 0 0])
  ("sp" .
   [1 0])
  ("falltime" .
   [2 0 0 0 1 0 0 0])
  ("f" .
   [3])
  ("ENE" .
   [1 0 0])
  ("coef" .
   [1 0 0 0])
  ("risetime" .
   [1 0 0 0 0 0 0 0])
  ("VNW" .
   [1 0 0])
  ("leak" .
   [1 0 0 0])
  ("p" .
   [1])
  ("Ps" .
   [5 0])
  ("if" .
   [1 0])
  ("run.pl" .
   [1 0 0 0 0 0])
  ("INR" .
   [1 0 0])
  ("OUTR" .
   [1 0 0 0])
  ("RINGnleaks" .
   [1 0 0 0 0 0 0 0 0 0])
  ("RINGpleaks" .
   [1 0 0 0 0 0 0 0 0 0])
  ("default" .
   [0 0 0 0 0 1 0])
  ("ac-sources" .
   [1 0 0 0 0 0 0 0 0 0])
  ("ac-source-filename" .
   [1 0 0 0 0 0 0 0 0 0 0 0 0 0 0 0 0 0])
  ("pic_2016/circuitplan5" .
   [0 0 0 0 0 0 0 0 0 1 0 0 0 0 0 0 0 0 0 0 2])
  ("~/Pictures/" .
   [0 0 0 0 1 0 0 0 0 0 0])
  ("~/cadmeeting/" .
   [0 0 0 0 1 0 0 0 0 0 0 0 0])
  ("~/cadmeeting/pic_2016/" .
   [0 0 0 0 0 0 0 0 0 0 0 0 0 0 0 1 0 0 0 0 0 0])
  ("~/cadmeeting/pic_2016/reconf-prev.eps" .
   [0 0 0 0 0 0 0 0 0 0 0 0 0 0 0 0 0 0 0 0 0 0 0 0 0 0 0 0 0 1 0 0 0 0 0 0 0])
  ("hline" .
   [2 0 0 1 0])
  ("kr1_clk_i" .
   [1 0 0 0 0 0 0 1 0])
  ("sel_teg" .
   [2 0 0 0 0 0 1])
  ("sck_i" .
   [2 0 0 0 0])
  ("assign" .
   [0 0 0 0 0 2])
  ("kr2_clk_i" .
   [2 0 0 0 0 0 0 0 0])
  ("divider_width" .
   [0 0 0 0 0 0 2 1 0 0 0 0 2])
  ("lsi_test_renesas65_1607" .
   [0 0 0 0 0 0 0 0 0 0 0 0 0 0 0 0 0 0 1 0 0 0 0])
  ("IO" .
   [1 0])
  ("SEL_DIV_O" .
   [2 0 0 0 0 1 1 0 0])
  ("divider_out" .
   [0 0 0 0 0 0 0 0 0 1 0])
  ("configration" .
   [0 0 0 0 0 0 0 0 1 0 0 0])
  ("configuration_data" .
   [1 0 0 0 0 0 0 0 0 0 0 0 0 0 0 0 0 2])
  ("div_width" .
   [1 0 0 2 0 0 0 0 0])
  ("mode_width" .
   [0 0 0 0 2 0 0 0 0 6])
  ("in" .
   [4 0])
  ("int_width" .
   [0 0 1 0 0 0 1 0 0])
  ("SEL_MODE_O" .
   [3 0 0 0 0 0 0 0 0 0])
  ("Configuration" .
   [0 0 0 0 0 0 0 0 0 0 0 0 1])
  ("config_width" .
   [0 0 0 0 0 0 0 0 0 4 0 0])
  ("CONFIG_O" .
   [1 0 0 0 0 0 0 0])
  ("DIP" .
   [0 0 1])
  ("SEL_MON_O" .
   [1 0 0 0 0 0 0 0 0])
  ("sel_mode_ro" .
   [0 0 0 0 0 0 0 0 1 0 0])
  ("sel_div_ro" .
   [1 0 0 0 0 0 0 1 0 0])
  ("kr1_sel_i" .
   [2 0 0 0 0 0 0 0 0])
  ("f13" .
   [1 0 0])
  ("subsection" .
   [5 0 0 0 0 0 0 0 0 0])
  ("ccnosp" .
   [2 0 0 0 0 0])
  ("tdep" .
   [1 0 0 0])
  ("not" .
   [0 0 1])
  ("PMOSFET" .
   [0 0 0 0 1 0 0])
  ("p-sensitive" .
   [1 0 0 0 0 0 0 0 0 0 0])
  ("n-sensitive" .
   [1 0 0 0 0 0 0 0 0 0 0])
  ("Nleak" .
   [1 0 0 0 0])
  ("tcl" .
   [1 0 0])
  ("place_cell_adjacent" .
   [0 0 0 0 0 1 0 0 0 0 0 0 0 0 0 0 0 0 0])
  ("calibre" .
   [1 0 0 0 0 0 0])
  ("report" .
   [1 0 0 0 0 0])
  ("release" .
   [1 0 0 0 0 0 0])
  ("cds" .
   [1 0 0])
  ("to" .
   [9 0])
  ("-25" .
   [1 0 0])
  ("flushleft" .
   [0 0 0 0 0 2 0 0 0])
  ("jplain" .
   [0 0 1 0 0 0])
  ("LARGE" .
   [1 0 0 0 0])
  ("vspace" .
   [1 0 0 0 0 0])
  ("large" .
   [1 0 0 0 0])
  ("result/wo_gate/" .
   [6 0 0 0 0 0 0 0 0 0 0 0 0 0 0])
  ("aremf" .
   [1 0 0 0 0])
  ("areme" .
   [1 0 0 0 0])
  ("slopeare" .
   [1 0 0 0 0 0 0 0])
  ("measxdata" .
   [1 0 0 0 0 0 0 0 1])
  ("interupt" .
   [0 0 0 0 0 0 0 1])
  ("logare" .
   [1 0 0 0 0 0])
  ("LIST" .
   [2 0 0 0])
  ("netlist/list.txt" .
   [1 0 0 0 0 0 0 0 0 0 0 0 0 0 0 0])
  ("cell" .
   [4 0 0 0])
  ("rm" .
   [1 0])
  ("netlist/celllist.txt" .
   [0 0 0 0 0 0 0 0 0 0 1 0 0 0 0 0 0 0 0 0])
  ("cat" .
   [1 0 0])
  ("failed" .
   [1 0 0 0 0 0])
  ("nop" .
   [1 0 0])
  ("avedata" .
   [1 0 0 1 0 0 0])
  ("data1" .
   [1 0 0 0 0])
  ("data2" .
   [1 0 0 0 0])
  ("totalavelog" .
   [0 0 0 0 0 0 1 0 0 0 0])
  ("log" .
   [1 0 0])
  ("!/bin/sh" .
   [1 0 0 0 0 0 0 0])
  ("no" .
   [1 0])
  ("OPT" .
   [2 0 0])
  ("OPTARG" .
   [0 0 0 0 2 0])
  ("FLAG_V" .
   [5 0 0 0 0 0])
  ("FLAG_VOLT" .
   [10 0 0 1 0 0 0 1 2])
  ("FLAG_C" .
   [1 0 0 0 0 0])
  ("FLAG_CORNER" .
   [2 0 0 0 0 0 0 1 0 0 0])
  ("bc" .
   [3 0])
  ("-eq" .
   [12 0 0])
  ("expr" .
   [1 0 0 0])
  ("+e" .
   [1 0])
  ("FLAG_N" .
   [1 0 0 0 0 0])
  ("FLAG_NGATE" .
   [3 0 0 0 0 0 0 0 1 0])
  ("FLAG_P" .
   [5 0 0 0 0 0])
  ("FLAG_C1" .
   [2 0 0 0 0 0 1])
  ("FLAG_PGATE" .
   [0 0 0 0 0 0 0 1 0 0])
  ("-ne" .
   [1 0 0])
  ("FLAG_CONF1" .
   [0 0 0 0 0 0 0 2 0 0])
  (".txt" .
   [1 0 0 0])
  ("FLAG_CONF2" .
   [2 0 0 0 0 0 0 0 0 0])
  ("VSS" .
   [2 0 0])
  ("-v" .
   [1 0])
  ("-p" .
   [1 0])
  ("PMOS" .
   [5 0 0 1])
  ("-n" .
   [1 0])
  ("NMOS" .
   [5 1 0 0])
  ("-c" .
   [1 0])
  ("-a" .
   [5 0])
  ("conf1" .
   [3 0 0 0 0])
  ("-b" .
   [1 0])
  ("conf2" .
   [2 0 0 0 0])
  ("v" .
   [1])
  ("cpr_en_i" .
   [2 0 0 0 0 0 0 0])
  ("cpr_out" .
   [1 0 0 0 0 0 0])
  ("cpr_sel_mon_i" .
   [1 0 0 0 0 0 0 1 0 0 0 0 0])
  ("cpr_sel_div_i" .
   [1 0 0 0 1 0 0 0 0 0 0 0 0])
  ("cpr_sel_mon" .
   [0 0 0 0 0 0 0 0 0 0 2])
  ("sleep" .
   [1 0 0 0 0])
  ("times" .
   [1 0 0 0 0])
  ("mm" .
   [1 0])
  ("gate" .
   [3 0 0 0])
  ("mr" .
   [1 0])
  ("load" .
   [1 0 0 0])
  ("I_" .
   [1 0])
  ("cdot" .
   [1 0 0 0])
  ("Nleak構成　周波数より定数分を引いた場合" .
   [0 0 0 0 0 1 0 0 0 0 0 0 0 0 0 0 0 0 0 0 0 0])
  ("d1" .
   [1 0])
  ("from" .
   [3 0 0 0])
  ("due" .
   [2 0 0])
  ("the" .
   [13 0 0])
  ("other" .
   [1 0 0 0 0])
  ("factor" .
   [1 0 0 0 0 0])
  ("such" .
   [1 0 0 0])
  ("leakage" .
   [1 0 0 0 0 0 0])
  ("proposed" .
   [4 0 0 0 0 0 0 0])
  ("scheme" .
   [1 0 0 0 0 0])
  ("our" .
   [2 0 0])
  ("Ref" .
   [2 0 0])
  ("label" .
   [3 0 0 0 0])
  ("aftercorrelation" .
   [0 0 0 0 0 0 0 1 0 0 0 0 0 0 0 0])
  ("which" .
   [2 0 0 0 0])
  ("estimate" .
   [1 0 0 0 0 0 0 0])
  ("process" .
   [1 0 0 0 0 0 0])
  ("variation" .
   [0 0 0 0 0 0 0 1 1])
  ("also" .
   [1 0 0 0])
  ("ref" .
   [2 0 0])
  ("after" .
   [2 0 0 0 0])
  ("supply" .
   [3 0 0 0 0 0])
  ("of" .
   [5 0])
  ("versus" .
   [1 0 0 0 0 0])
  ("much" .
   [1 0 0 0])
  ("very" .
   [1 0 0 0])
  ("changes" .
   [1 0 0 0 0 0 0])
  ("room" .
   [1 0 0 0])
  ("Fig" .
   [4 0 0])
  ("utilize" .
   [1 0 0 0 0 0 0])
  ("In" .
   [1 0])
  ("dependence" .
   [2 0 0 0 0 0 0 0 0 0])
  ("frequency" .
   [1 0 0 0 0 0 0 0 1])
  ("is" .
   [1 0])
  ("approximately" .
   [0 0 0 0 0 0 0 0 0 0 0 0 1])
  ("linear" .
   [1 0 0 0 0 0])
  ("function" .
   [0 0 0 0 1 0 0 0])
  ("inverse" .
   [1 0 0 0 0 0 0])
  ("temperatures" .
   [0 0 0 0 0 0 0 0 0 0 0 1])
  ("shows" .
   [1 0 0 0 0])
  ("sensing" .
   [1 0 0 0 0 0 0])
  ("configuration" .
   [7 0 0 0 0 0 0 0 0 0 0 0 0])
  ("_leak" .
   [1 0 0 0 0])
  ("standard" .
   [1 0 0 0 0 0 0 0])
  ("plane" .
   [1 0 0 0 0])
  ("newconf" .
   [1 0 0 0 0 0 0])
  ("example" .
   [1 0 0 0 0 0 0])
  ("Standard" .
   [2 0 0 0 1 0 0 0])
  ("with" .
   [1 0 0 0])
  ("sensitivity" .
   [0 0 0 0 0 0 0 0 0 0 1])
  ("p_uart_byte_width" .
   [0 0 0 0 1 0 0 0 0 0 0 0 0 0 0 0 0])
  ("USBCLK" .
   [2 0 0 0 0 0])
  ("centering" .
   [1 0 0 0 0 0 0 0 0])
  ("Nleak構成の電圧依存性　実測値" .
   [0 0 0 0 0 1 0 0 0 0 0 0 0 0 0 0 0])
  ("fpga_top_test.v" .
   [0 0 0 0 0 0 0 0 0 0 0 0 1 0 0])
  ("size" .
   [2 0 0 0])
  ("resetn" .
   [3 0 0 0 0 0])
  ("p_state_init" .
   [0 0 0 0 0 0 0 0 0 1 0 0])
  ("sp1" .
   [1 0 0])
  ("nbytes" .
   [2 0 0 0 0 0])
  ("data_byte_width" .
   [0 0 0 0 0 2 0 0 0 0 0 0 0 0 0])
  ("read" .
   [2 0 0 0])
  ("read_data" .
   [1 0 0 0 0 0 0 0 0])
  ("listdata" .
   [0 0 0 0 0 0 1 0])))
